[gd_scene load_steps=10 format=3 uid="uid://cce2ofdk2m3j5"]

[ext_resource type="PackedScene" uid="uid://drfp8737erqji" path="res://player/player.tscn" id="1_ack5r"]
[ext_resource type="Script" path="res://main.gd" id="1_unty3"]
[ext_resource type="PackedScene" uid="uid://bposst2udwsnm" path="res://enemies/Mob.tscn" id="2_qne0q"]
[ext_resource type="Texture2D" uid="uid://csofvxgx2pp2a" path="res://sandyFloor.jpg" id="3_0cci2"]
[ext_resource type="AudioStream" uid="uid://ctehd2aho6vjo" path="res://audio/bubbles.mp3" id="4_p8lu4"]

[sub_resource type="CylinderShape3D" id="CylinderShape3D_0dsx7"]

[sub_resource type="StandardMaterial3D" id="StandardMaterial3D_bjg7y"]
albedo_texture = ExtResource("3_0cci2")

[sub_resource type="CylinderMesh" id="CylinderMesh_4upg3"]

[sub_resource type="Curve3D" id="Curve3D_cvafn"]
_data = {
"points": PackedVector3Array(0, 0, 0, 0, 0, 0, 0, 0, -20, 0, 0, 0, 0, 0, 0, 15, 0, 0, 0, 0, 0, 0, 0, 0, 0, 0, 20, 0, 0, 0, 0, 0, 0, -15, 0, 0, 0, 0, 0, 0, 0, 0, 0, 0, -20),
"tilts": PackedFloat32Array(0, 0, 0, 0, 0)
}
point_count = 5

[node name="Main" type="Node"]
script = ExtResource("1_unty3")
mob_scene = ExtResource("2_qne0q")

[node name="Ground" type="StaticBody3D" parent="."]
transform = Transform3D(1, 0, 0, 0, 1, 0, 0, 0, 1, 0, -1, 0)

[node name="CollisionShape" type="CollisionShape3D" parent="Ground"]
transform = Transform3D(37.5, 0, 0, 0, 0.625, 0, 0, 0, 50, 0, 0, 0)
shape = SubResource("CylinderShape3D_0dsx7")

[node name="MeshInstance3D" type="MeshInstance3D" parent="Ground"]
transform = Transform3D(40, 0, 0, 0, 1, 0, 0, 0, 50, 0, 0, 0)
material_override = SubResource("StandardMaterial3D_bjg7y")
mesh = SubResource("CylinderMesh_4upg3")

[node name="DirectionalLight3D" type="DirectionalLight3D" parent="."]
transform = Transform3D(1, 0, 0, 0, 0.0683984, 0.997658, 0, -0.997658, 0.0683984, -2.13127, 7.19727, 2.68224)

[node name="Player" parent="." instance=ExtResource("1_ack5r")]
transform = Transform3D(1, 0, 0, 0, 1, 0, 0, 0, 1, 0, 1, 0)

[node name="Bubbles" type="AudioStreamPlayer" parent="Player"]
stream = ExtResource("4_p8lu4")

[node name="CameraPivot" type="Marker3D" parent="."]
transform = Transform3D(1, 0, 0, 0, 0.707107, 0.707107, 0, -0.707107, 0.707107, 0, 0, 0)

[node name="Camera3D" type="Camera3D" parent="CameraPivot"]
transform = Transform3D(1, 0, 0, 0, 0.951056, -0.309017, 0, 0.309017, 0.951056, 0, -10, 25)
projection = 1
size = 26.662

[node name="MobTimer" type="Timer" parent="."]
autostart = true

[node name="SpawnPath" type="Path3D" parent="."]
curve = SubResource("Curve3D_cvafn")

[node name="SpawnLocation" type="PathFollow3D" parent="SpawnPath"]

[connection signal="timeout" from="MobTimer" to="." method="_on_mob_timer_timeout"]
